1 2 4
1 2 10
1 2 23
1 2 55
1 2 64
1 4 10
1 4 23
1 4 55
1 4 64
1 10 23
1 10 55
1 10 64
1 23 55
1 23 64
1 55 64
2 4 10
2 4 17
2 4 23
2 4 24
2 4 28
2 4 55
2 4 56
2 4 64
2 10 17
2 10 23
2 10 24
2 10 28
2 10 55
2 10 56
2 10 64
2 17 23
2 17 24
2 17 28
2 17 55
2 17 56
2 17 64
2 23 24
2 23 28
2 23 55
2 23 56
2 23 64
2 24 28
2 24 55
2 24 64
2 28 55
2 28 56
2 28 64
2 55 56
2 55 64
2 56 64
3 4 10
3 4 17
3 4 23
3 4 24
3 4 28
3 4 55
3 4 56
3 4 64
3 10 17
3 10 23
3 10 24
3 10 28
3 10 55
3 10 56
3 10 64
3 17 23
3 17 24
3 17 28
3 17 55
3 17 56
3 17 64
3 23 24
3 23 28
3 23 55
3 23 56
3 23 64
3 24 28
3 24 55
3 24 64
3 28 55
3 28 56
3 28 64
3 55 56
3 55 64
3 56 64
4 10 17
4 10 23
4 10 24
4 10 28
4 10 55
4 10 56
4 10 64
4 17 23
4 17 24
4 17 28
4 17 55
4 17 56
4 17 64
4 23 24
4 23 28
4 23 55
4 23 56
4 23 64
4 24 28
4 24 55
4 24 64
4 28 55
4 28 56
4 28 64
4 55 56
4 55 64
4 56 64
5 17 24
5 17 55
5 17 56
5 17 64
5 24 55
5 24 64
5 55 56
5 55 64
5 56 64
6 10 17
6 10 23
6 10 24
6 10 28
6 10 55
6 10 56
6 10 64
6 17 23
6 17 24
6 17 28
6 17 55
6 17 56
6 17 64
6 23 24
6 23 28
6 23 55
6 23 56
6 23 64
6 24 28
6 24 55
6 24 64
6 28 55
6 28 56
6 28 64
6 55 56
6 55 64
6 56 64
7 10 17
7 10 23
7 10 55
7 10 56
7 10 64
7 17 23
7 17 55
7 17 56
7 17 64
7 23 55
7 23 56
7 23 64
7 55 56
7 55 64
7 56 64
8 10 23
8 10 24
8 10 55
8 10 56
8 10 64
8 23 24
8 23 55
8 23 56
8 23 64
8 24 55
8 24 64
8 55 56
8 55 64
8 56 64
9 10 17
9 10 23
9 10 24
9 10 28
9 10 55
9 10 56
9 10 64
9 17 23
9 17 24
9 17 28
9 17 55
9 17 56
9 17 64
9 23 24
9 23 28
9 23 55
9 23 56
9 23 64
9 24 28
9 24 55
9 24 64
9 28 55
9 28 56
9 28 64
9 55 56
9 55 64
9 56 64
10 17 23
10 17 24
10 17 28
10 17 55
10 17 56
10 17 64
10 23 24
10 23 28
10 23 55
10 23 56
10 23 64
10 24 28
10 24 55
10 24 64
10 28 55
10 28 56
10 28 64
10 55 56
10 55 64
10 56 64
12 17 23
12 17 55
12 17 56
12 17 64
12 23 55
12 23 56
12 23 64
12 55 56
12 55 64
12 56 64
13 17 24
13 17 55
13 17 56
13 17 64
13 24 55
13 24 64
13 55 56
13 55 64
13 56 64
14 17 24
14 17 55
14 17 56
14 17 64
14 24 55
14 24 64
14 55 56
14 55 64
14 56 64
15 17 23
15 17 24
15 17 28
15 17 55
15 17 56
15 17 64
15 23 24
15 23 28
15 23 55
15 23 56
15 23 64
15 24 28
15 24 55
15 24 64
15 28 55
15 28 56
15 28 64
15 55 56
15 55 64
15 56 64
16 17 23
16 17 24
16 17 28
16 17 55
16 17 56
16 17 64
16 23 24
16 23 28
16 23 55
16 23 56
16 23 64
16 24 28
16 24 55
16 24 64
16 28 55
16 28 56
16 28 64
16 55 56
16 55 64
16 56 64
17 23 24
17 23 28
17 23 55
17 23 56
17 23 64
17 24 28
17 24 55
17 24 64
17 28 55
17 28 56
17 28 64
17 55 56
17 55 64
17 56 64
18 23 55
18 23 56
18 23 64
18 55 56
18 55 64
18 56 64
19 23 24
19 23 28
19 23 55
19 23 56
19 23 64
19 24 28
19 24 55
19 24 64
19 28 55
19 28 56
19 28 64
19 55 56
19 55 64
19 56 64
20 23 24
20 23 28
20 23 55
20 23 56
20 23 64
20 24 28
20 24 55
20 24 64
20 28 55
20 28 56
20 28 64
20 55 56
20 55 64
20 56 64
21 23 24
21 23 28
21 23 55
21 23 56
21 23 64
21 24 28
21 24 55
21 24 64
21 28 55
21 28 56
21 28 64
21 55 56
21 55 64
21 56 64
22 23 24
22 23 28
22 23 55
22 23 56
22 23 64
22 24 28
22 24 55
22 24 64
22 28 55
22 28 56
22 28 64
22 55 56
22 55 64
22 56 64
23 24 28
23 24 55
23 24 64
23 28 55
23 28 56
23 28 64
23 55 56
23 55 64
23 56 64
24 28 55
24 28 64
24 55 64
25 28 55
25 28 56
25 28 64
25 55 56
25 55 64
25 56 64
26 28 55
26 28 56
26 28 64
26 55 56
26 55 64
26 56 64
27 28 55
27 28 64
27 55 64
28 55 56
28 55 64
28 56 64
29 55 56
29 55 64
29 56 64
30 55 56
30 55 64
30 56 64
31 55 56
31 55 64
31 56 64
32 55 56
32 55 64
32 56 64
33 55 56
33 55 64
33 56 64
34 55 56
34 55 64
34 56 64
35 55 56
35 55 64
35 56 64
36 55 56
36 55 64
36 56 64
37 55 56
37 55 64
37 56 64
38 55 56
38 55 64
38 56 64
39 55 56
39 55 64
39 56 64
40 55 56
40 55 64
40 56 64
41 55 56
41 55 64
41 56 64
42 55 56
42 55 64
42 56 64
43 55 56
43 55 64
43 56 64
44 55 56
44 55 64
44 56 64
45 55 56
45 55 64
45 56 64
46 55 56
46 55 64
46 56 64
47 55 56
47 55 64
47 56 64
48 55 56
48 55 64
48 56 64
49 55 56
49 55 64
49 56 64
50 55 56
50 55 64
50 56 64
51 55 56
51 55 64
51 56 64
52 55 56
52 55 64
52 56 64
53 55 56
53 55 64
53 56 64
54 55 56
54 55 64
54 56 64
55 56 64
