1 64
1 55
1 23
1 2
1 4
1 10
2 64
2 55
2 56
2 23
2 17
2 24
2 28
2 4
2 10
3 64
3 55
3 56
3 23
3 17
3 24
3 28
1 3
2 3
3 4
3 10
4 64
4 55
4 56
4 23
4 17
4 24
4 28
4 10
5 64
5 55
5 56
5 17
5 24
6 64
6 55
6 56
6 23
6 17
6 24
6 28
1 6
2 6
4 6
6 10
7 64
7 55
7 56
7 23
7 17
2 7
7 10
8 64
8 55
8 56
8 23
8 24
8 10
9 64
9 55
9 56
9 23
9 17
9 24
9 28
1 9
2 9
4 9
9 10
10 64
10 55
10 56
10 23
10 17
10 24
10 28
11 64
2 11
10 11
12 64
12 55
12 56
12 23
12 17
2 12
10 12
13 64
13 55
13 56
13 17
13 24
14 64
14 55
14 56
14 17
14 24
10 14
15 64
15 55
15 56
15 23
15 17
15 24
15 28
1 15
2 15
4 15
10 15
16 64
16 55
16 56
16 23
16 17
16 24
16 28
1 16
2 16
4 16
10 16
17 64
17 55
17 56
17 23
17 24
17 28
1 17
18 64
18 55
18 56
18 23
17 18
1 18
2 18
10 18
19 64
19 55
19 56
19 23
17 19
19 24
19 28
1 19
2 19
4 19
10 19
20 64
20 55
20 56
20 23
17 20
20 24
20 28
1 20
2 20
4 20
10 20
21 64
21 55
21 56
21 23
17 21
21 24
21 28
1 21
2 21
4 21
10 21
22 64
22 55
22 56
22 23
17 22
22 24
22 28
1 22
2 22
4 22
10 22
23 64
23 55
23 56
23 24
23 28
24 64
24 55
24 28
1 24
25 64
25 55
25 56
23 25
17 25
24 25
25 28
1 25
2 25
4 25
10 25
26 64
26 55
26 56
23 26
17 26
24 26
26 28
1 26
2 26
4 26
10 26
27 64
27 55
23 27
17 27
24 27
27 28
1 27
2 27
4 27
10 27
28 64
28 55
28 56
1 28
29 64
29 55
29 56
23 29
17 29
24 29
28 29
1 29
2 29
4 29
10 29
30 64
30 55
30 56
23 30
17 30
24 30
28 30
1 30
2 30
4 30
10 30
31 64
31 55
31 56
23 31
17 31
24 31
28 31
1 31
2 31
4 31
10 31
32 64
32 55
32 56
17 32
24 32
28 32
4 32
10 32
33 64
33 55
33 56
23 33
17 33
24 33
28 33
1 33
2 33
4 33
10 33
34 64
34 55
34 56
23 34
17 34
24 34
28 34
35 64
35 55
35 56
23 35
17 35
24 35
28 35
1 35
2 35
36 64
36 55
36 56
23 36
17 36
24 36
28 36
1 36
4 36
37 64
37 55
37 56
23 37
17 37
24 37
28 37
4 37
10 37
38 64
38 55
38 56
23 38
17 38
24 38
39 64
39 55
39 56
23 39
17 39
24 39
28 39
10 39
40 64
40 55
40 56
23 40
24 40
28 40
41 64
41 55
41 56
23 41
17 41
24 41
28 41
10 41
42 64
42 55
42 56
23 42
17 42
10 42
43 64
43 55
43 56
17 43
10 43
44 64
44 55
44 56
23 44
45 64
45 55
45 56
23 45
24 45
10 45
46 64
46 55
46 56
17 46
24 46
10 46
47 64
47 55
47 56
48 64
48 55
48 56
23 48
17 48
24 48
28 48
10 48
49 64
49 55
49 56
17 49
10 49
50 64
50 55
50 56
17 50
24 50
28 50
10 50
51 64
51 55
51 56
17 51
24 51
28 51
10 51
52 64
52 55
52 56
23 52
17 52
24 52
4 52
10 52
53 64
53 55
53 56
23 53
24 53
28 53
4 53
54 64
54 55
54 56
17 54
24 54
10 54
55 64
55 56
56 64
57 64
55 57
56 57
23 57
17 57
24 57
28 57
4 57
10 57
58 64
55 58
56 58
23 58
17 58
24 58
28 58
10 58
59 64
55 59
56 59
17 59
24 59
28 59
10 59
60 64
55 60
56 60
17 60
28 60
55 61
56 61
23 61
24 61
28 61
1 61
2 61
4 61
10 61
55 62
56 62
23 62
24 62
28 62
1 62
2 62
4 62
10 62
55 63
56 63
17 63
1 63
55 65
56 65
55 66
23 66
17 66
24 66
28 66
1 66
2 66
4 66
10 66
55 67
23 67
17 67
10 67
55 68
56 68
17 68
28 68
1 68
55 69
56 69
23 69
17 69
24 69
28 69
55 70
56 70
17 70
24 70
1 70
2 70
10 70
55 71
56 71
17 71
24 71
28 71
55 72
56 72
55 73
56 73
23 73
28 73
55 74
56 74
24 74
28 74
55 75
56 75
17 75
10 75
55 76
56 76
24 76
55 77
56 77
23 77
55 78
56 78
17 78
28 78
55 79
56 79
23 79
10 79
55 80
56 80
23 80
24 80
55 81
56 81
17 81
55 82
56 82
23 82
17 82
24 82
28 82
1 82
4 82
10 82
55 83
56 83
24 83
28 83
55 84
56 84
23 84
28 84
55 85
56 85
28 85
55 86
56 86
24 86
28 86
55 87
56 87
55 88
55 89
28 89
23 90
17 90
28 90
10 90
23 91
24 91
