45 55 62
19 30 67
2 10 58
16 40 50
45 59 81
9 55 87
11 54 60
15 49 84
2 13 28
30 42 59
40 59 67
12 13 61
50 52 82
39 61 85
22 70 88
19 38 54
29 51 62
35 55 82
1 17 30
30 40 71
38 77 89
54 63 79
35 50 77
17 40 69
17 39 52
52 55 63
59 87 88
5 36 58
39 72 75
69 75 76
19 39 70
30 83 85
33 59 75
40 44 50
44 59 72
17 69 87
4 48 54
57 80 86
36 64 77
11 63 85
16 80 87
29 38 85
19 36 55
60 62 75
8 25 29
36 50 76
59 78 80
2 39 77
2 39 62
40 62 73
22 40 56
50 59 87
55 61 83
15 67 87
35 51 75
59 77 85
13 22 62
42 50 52
18 44 54
29 73 79
25 73 87
19 21 39
2 38 85
13 69 74
58 78 86
9 40 67
15 54 63
29 81 87
4 62 81
42 57 83
35 40 64
38 40 59
15 52 80
1 13 60
19 62 67
36 55 73
39 51 70
50 64 74
2 22 57
2 15 64
64 73 75
19 25 47
40 68 82
30 44 67
21 59 63
20 38 87
49 50 81
36 39 65
25 43 69
36 82 91
30 39 50
53 62 67
2 52 81
42 44 50
20 28 71
25 39 54
22 54 75
9 11 81
17 59 62
75 87 91
2 57 81
39 54 67
1 64 68
4 43 44
30 40 64
27 62 68
5 57 85
2 27 85
55 62 69
11 39 55
2 63 73
26 50 79
49 52 87
39 56 75
5 75 78
2 13 62
36 57 61
50 59 79
8 40 42
21 42 77
2 35 74
55 57 76
39 59 70
21 29 53
2 8 77
35 73 74
35 59 72
30 36 44
24 55 74
39 45 80
39 40 81
22 60 63
49 67 85
50 62 76
24 73 76
15 19 52
38 74 81
8 13 30
2 22 74
7 23 62
11 40 67
17 29 62
45 52 88
40 50 62
7 19 70
25 79 87
2 27 30
21 65 75
2 22 76
15 17 49
2 40 81
26 39 57
38 52 59
2 52 71
40 65 81
15 58 68
38 76 91
12 68 85
19 22 30
13 15 44
39 73 76
2 63 69
26 70 75
17 64 69
29 73 75
41 50 84
62 67 77
29 36 40
20 30 54
2 5 27
2 59 87
13 60 76
59 62 81
42 56 89
29 76 91
44 67 85
22 50 65
38 85 86
38 56 69
69 87 89
11 50 85
44 54 80
2 35 40
19 27 77
35 44 88
1 57 81
2 36 69
34 36 40
3 29 44
60 78 81
30 56 87
53 69 81
12 49 85
19 59 72
17 59 74
54 69 75
13 27 81
40 50 82
59 81 85
34 64 73
17 47 73
22 36 72
57 69 70
38 83 87
43 63 77
18 35 44
35 39 76
67 81 87
9 47 59
17 70 81
13 57 74
2 27 84
42 62 87
1 17 29
4 34 69
15 30 57
13 59 87
59 76 85
4 59 62
25 39 65
22 41 42
1 50 87
2 54 77
39 48 67
19 30 77
27 68 85
2 56 74
29 65 67
40 57 85
38 50 63
2 67 88
21 38 70
30 44 59
30 67 74
13 52 88
30 38 52
38 65 67
4 39 68
2 25 81
30 75 85
23 75 81
4 59 75
55 68 87
23 77 85
56 57 74
38 40 73
38 71 87
2 53 57
2 51 72
62 76 85
63 69 83
33 54 78
15 54 70
25 40 67
42 61 81
17 53 70
13 15 18
39 55 87
24 73 75
36 40 63
17 49 55
41 59 77
29 40 44
39 55 85
2 4 52
40 67 70
63 66 82
25 38 64
17 34 69
18 42 59
22 40 85
29 42 73
15 38 53
17 21 29
5 30 39
52 54 64
40 52 63
24 56 75
13 48 58
23 63 74
13 15 36
30 77 78
1 8 39
38 52 62
12 40 81
49 60 75
2 36 76
2 40 57
4 12 62
55 77 83
15 39 75
9 13 81
44 72 82
6 52 64
35 38 50
36 54 81
39 48 85
15 44 87
34 67 81
5 22 91
39 49 85
42 52 81
39 63 73
39 44 88
22 28 85
5 56 62
61 64 88
5 80 84
14 19 87
40 69 76
22 67 73
35 59 85
34 44 64
29 63 87
15 22 70
27 50 67
64 84 88
28 56 63
59 73 87
29 50 74
9 12 73
39 70 76
59 75 77
13 65 69
60 75 85
30 38 60
17 30 70
4 40 84
29 59 87
13 36 74
2 13 40
4 22 62
30 40 76
12 68 88
15 21 65
35 53 81
2 30 69
11 59 67
54 77 82
38 62 81
78 82 85
5 64 91
30 40 50
26 40 60
9 55 73
13 59 88
17 82 84
15 21 73
15 39 57
2 21 70
19 40 80
28 52 77
29 44 87
55 59 87
30 52 87
2 72 81
39 55 56
52 59 62
40 60 69
13 63 84
2 22 30
24 72 75
52 69 88
19 42 72
2 52 55
67 72 88
47 70 77
22 34 39
27 35 77
44 59 76
22 25 44
63 68 72
12 30 47
2 22 47
55 78 82
13 30 40
5 54 82
18 75 76
11 17 88
22 42 91
22 40 64
9 59 69
36 69 73
29 30 85
70 74 82
7 18 52
45 59 88
42 67 77
47 64 74
9 68 88
2 68 87
4 26 52
63 67 74
27 30 82
3 50 70
54 59 64
40 51 54
17 40 87
13 55 73
40 64 85
15 21 22
40 87 88
2 65 78
5 30 52
9 52 87
9 16 47
8 34 63
35 55 87
1 2 13
7 22 67
30 40 59
11 27 39
15 39 85
12 40 80
2 17 50
13 19 73
42 52 74
40 41 59
5 25 47
27 53 61
15 29 63
35 69 81
64 70 82
50 55 73
2 71 77
2 49 62
59 72 74
26 40 62
22 75 84
2 64 78
60 62 65
52 72 82
40 50 70
2 25 58
25 30 75
12 16 35
43 62 75
2 42 55
38 63 75
23 50 77
38 49 55
39 75 87
60 62 74
17 52 82
2 9 50
21 50 69
18 67 79
11 25 87
20 40 59
57 62 73
25 34 59
47 69 87
53 58 68
42 54 85
33 56 62
2 17 29
52 63 64
36 50 52
12 22 36
40 67 83
28 60 73
13 17 38
2 67 87
20 62 88
30 62 76
12 17 40
29 30 35
4 73 74
2 39 44
2 40 52
73 75 80
5 21 39
11 40 50
44 59 67
15 59 85
30 49 58
29 54 65
