1 2
1 3
1 4
1 5
1 492
2 3
2 4
2 5
2 247
3 4
3 5
3 343
4 5
4 103
5 321
6 7
6 8
6 9
6 10
6 265
7 8
7 9
7 10
7 284
8 9
8 10
8 351
9 10
9 362
10 451
11 12
11 13
11 14
11 15
11 397
12 13
12 14
12 15
12 72
13 14
13 15
13 262
14 15
14 250
15 407
16 17
16 18
16 19
16 20
16 194
17 18
17 19
17 20
17 83
18 19
18 20
18 461
19 20
19 185
20 490
21 22
21 23
21 24
21 25
21 107
22 23
22 24
22 25
22 85
23 24
23 25
23 140
24 25
24 153
25 55
26 27
26 28
26 29
26 30
26 347
27 28
27 29
27 30
27 353
28 29
28 30
28 363
29 30
29 312
30 35
31 32
31 33
31 34
31 35
31 130
32 33
32 34
32 35
32 46
33 34
33 35
33 414
34 35
34 63
36 37
36 38
36 39
36 40
36 230
37 38
37 39
37 40
37 138
38 39
38 40
38 74
39 40
39 244
40 404
41 42
41 43
41 44
41 45
41 73
42 43
42 44
42 45
42 108
43 44
43 45
43 191
44 45
44 335
45 96
46 47
46 48
46 49
46 50
47 48
47 49
47 50
47 51
48 49
48 50
48 90
49 50
49 81
50 148
51 52
51 53
51 54
51 55
52 53
52 54
52 55
52 101
53 54
53 55
53 60
54 55
54 426
56 57
56 58
56 59
56 60
56 498
57 58
57 59
57 60
57 466
58 59
58 60
58 114
59 60
59 322
61 62
61 63
61 64
61 65
61 159
62 63
62 64
62 65
62 221
63 64
63 65
64 65
64 308
65 477
66 67
66 68
66 69
66 70
66 263
67 68
67 69
67 70
67 452
68 69
68 70
68 341
69 70
69 301
70 366
71 72
71 73
71 74
71 75
71 464
72 73
72 74
72 75
73 74
73 75
74 75
75 482
76 77
76 78
76 79
76 80
76 294
77 78
77 79
77 80
77 281
78 79
78 80
78 105
79 80
79 163
80 479
81 82
81 83
81 84
81 85
82 83
82 84
82 85
82 137
83 84
83 85
84 85
84 371
86 87
86 88
86 89
86 90
86 204
87 88
87 89
87 90
87 447
88 89
88 90
88 403
89 90
89 340
91 92
91 93
91 94
91 95
91 268
92 93
92 94
92 95
92 126
93 94
93 95
93 488
94 95
94 177
95 197
96 97
96 98
96 99
96 100
97 98
97 99
97 100
97 267
98 99
98 100
98 412
99 100
99 297
100 183
101 102
101 103
101 104
101 105
102 103
102 104
102 105
102 286
103 104
103 105
104 105
104 408
106 107
106 108
106 109
106 110
106 314
107 108
107 109
107 110
108 109
108 110
109 110
109 188
110 214
111 112
111 113
111 114
111 115
111 213
112 113
112 114
112 115
112 406
113 114
113 115
113 319
114 115
115 357
116 117
116 118
116 119
116 120
116 355
117 118
117 119
117 120
117 473
118 119
118 120
118 468
119 120
119 491
120 399
121 122
121 123
121 124
121 125
121 167
122 123
122 124
122 125
122 164
123 124
123 125
123 424
124 125
124 448
125 280
126 127
126 128
126 129
126 130
127 128
127 129
127 130
127 298
128 129
128 130
128 202
129 130
129 430
131 132
131 133
131 134
131 135
131 192
132 133
132 134
132 135
132 416
133 134
133 135
133 220
134 135
134 158
135 354
136 137
136 138
136 139
136 140
136 184
137 138
137 139
137 140
138 139
138 140
139 140
139 238
141 142
141 143
141 144
141 145
141 211
142 143
142 144
142 145
142 326
143 144
143 145
143 193
144 145
144 411
145 264
146 147
146 148
146 149
146 150
146 259
147 148
147 149
147 150
147 394
148 149
148 150
149 150
149 454
150 476
151 152
151 153
151 154
151 155
151 157
152 153
152 154
152 155
152 378
153 154
153 155
154 155
154 431
155 201
156 157
156 158
156 159
156 160
156 330
157 158
157 159
157 160
158 159
158 160
159 160
160 350
161 162
161 163
161 164
161 165
161 486
162 163
162 164
162 165
162 419
163 164
163 165
164 165
165 310
166 167
166 168
166 169
166 170
166 333
167 168
167 169
167 170
168 169
168 170
168 190
169 170
169 442
170 320
171 172
171 173
171 174
171 175
171 216
172 173
172 174
172 175
172 372
173 174
173 175
173 388
174 175
174 176
175 203
176 177
176 178
176 179
176 180
177 178
177 179
177 180
178 179
178 180
178 219
179 180
179 449
180 255
181 182
181 183
181 184
181 185
181 212
182 183
182 184
182 185
182 261
183 184
183 185
184 185
186 187
186 188
186 189
186 190
186 487
187 188
187 189
187 190
187 375
188 189
188 190
189 190
189 368
191 192
191 193
191 194
191 195
192 193
192 194
192 195
193 194
193 195
194 195
195 489
196 197
196 198
196 199
196 200
196 290
197 198
197 199
197 200
198 199
198 200
198 256
199 200
199 317
200 457
201 202
201 203
201 204
201 205
202 203
202 204
202 205
203 204
203 205
204 205
205 435
206 207
206 208
206 209
206 210
206 337
207 208
207 209
207 210
207 349
208 209
208 210
208 233
209 210
209 272
210 459
211 212
211 213
211 214
211 215
212 213
212 214
212 215
213 214
213 215
214 215
215 443
216 217
216 218
216 219
216 220
217 218
217 219
217 220
217 425
218 219
218 220
218 329
219 220
221 222
221 223
221 224
221 225
222 223
222 224
222 225
222 236
223 224
223 225
223 391
224 225
224 420
225 253
226 227
226 228
226 229
226 230
226 231
227 228
227 229
227 230
227 381
228 229
228 230
228 450
229 230
229 239
231 232
231 233
231 234
231 235
232 233
232 234
232 235
232 423
233 234
233 235
234 235
234 440
235 288
236 237
236 238
236 239
236 240
237 238
237 239
237 240
237 344
238 239
238 240
239 240
240 271
241 242
241 243
241 244
241 245
241 474
242 243
242 244
242 245
242 331
243 244
243 245
243 296
244 245
245 433
246 247
246 248
246 249
246 250
246 465
247 248
247 249
247 250
248 249
248 250
248 342
249 250
249 392
251 252
251 253
251 254
251 255
251 480
252 253
252 254
252 255
252 292
253 254
253 255
254 255
254 278
256 257
256 258
256 259
256 260
257 258
257 259
257 260
257 460
258 259
258 260
258 432
259 260
260 269
261 262
261 263
261 264
261 265
262 263
262 264
262 265
263 264
263 265
264 265
266 267
266 268
266 269
266 270
266 373
267 268
267 269
267 270
268 269
268 270
269 270
270 287
271 272
271 273
271 274
271 275
272 273
272 274
272 275
273 274
273 275
273 327
274 275
274 323
275 471
276 277
276 278
276 279
276 280
276 302
277 278
277 279
277 280
277 444
278 279
278 280
279 280
279 291
281 282
281 283
281 284
281 285
282 283
282 284
282 285
282 389
283 284
283 285
283 455
284 285
285 493
286 287
286 288
286 289
286 290
287 288
287 289
287 290
288 289
288 290
289 290
289 438
291 292
291 293
291 294
291 295
292 293
292 294
292 295
293 294
293 295
293 483
294 295
295 356
296 297
296 298
296 299
296 300
297 298
297 299
297 300
298 299
298 300
299 300
299 390
300 393
301 302
301 303
301 304
301 305
302 303
302 304
302 305
303 304
303 305
303 332
304 305
304 316
305 359
306 307
306 308
306 309
306 310
306 364
307 308
307 309
307 310
307 380
308 309
308 310
309 310
309 324
311 312
311 313
311 314
311 315
311 386
312 313
312 314
312 315
313 314
313 315
313 495
314 315
315 481
316 317
316 318
316 319
316 320
317 318
317 319
317 320
318 319
318 320
318 456
319 320
321 322
321 323
321 324
321 325
322 323
322 324
322 325
323 324
323 325
324 325
325 467
326 327
326 328
326 329
326 330
327 328
327 329
327 330
328 329
328 330
328 383
329 330
331 332
331 333
331 334
331 335
332 333
332 334
332 335
333 334
333 335
334 335
334 382
336 337
336 338
336 339
336 340
336 463
337 338
337 339
337 340
338 339
338 340
338 421
339 340
339 361
341 342
341 343
341 344
341 345
342 343
342 344
342 345
343 344
343 345
344 345
345 352
346 347
346 348
346 349
346 350
346 396
347 348
347 349
347 350
348 349
348 350
348 395
349 350
351 352
351 353
351 354
351 355
352 353
352 354
352 355
353 354
353 355
354 355
356 357
356 358
356 359
356 360
357 358
357 359
357 360
358 359
358 360
358 400
359 360
360 376
361 362
361 363
361 364
361 365
362 363
362 364
362 365
363 364
363 365
364 365
365 370
366 367
366 368
366 369
366 370
367 368
367 369
367 370
367 469
368 369
368 370
369 370
369 475
371 372
371 373
371 374
371 375
372 373
372 374
372 375
373 374
373 375
374 375
374 429
376 377
376 378
376 379
376 380
377 378
377 379
377 380
377 441
378 379
378 380
379 380
379 401
381 382
381 383
381 384
381 385
382 383
382 384
382 385
383 384
383 385
384 385
384 439
385 470
386 387
386 388
386 389
386 390
387 388
387 389
387 390
387 446
388 389
388 390
389 390
391 392
391 393
391 394
391 395
392 393
392 394
392 395
393 394
393 395
394 395
396 397
396 398
396 399
396 400
397 398
397 399
397 400
398 399
398 400
398 427
399 400
401 402
401 403
401 404
401 405
402 403
402 404
402 405
402 434
403 404
403 405
404 405
405 497
406 407
406 408
406 409
406 410
407 408
407 409
407 410
408 409
408 410
409 410
409 496
410 415
411 412
411 413
411 414
411 415
412 413
412 414
412 415
413 414
413 415
413 428
414 415
416 417
416 418
416 419
416 420
417 418
417 419
417 420
417 445
418 419
418 420
418 422
419 420
421 422
421 423
421 424
421 425
422 423
422 424
422 425
423 424
423 425
424 425
426 427
426 428
426 429
426 430
427 428
427 429
427 430
428 429
428 430
429 430
431 432
431 433
431 434
431 435
432 433
432 434
432 435
433 434
433 435
434 435
436 437
436 438
436 439
436 440
436 453
437 438
437 439
437 440
437 458
438 439
438 440
439 440
441 442
441 443
441 444
441 445
442 443
442 444
442 445
443 444
443 445
444 445
446 447
446 448
446 449
446 450
447 448
447 449
447 450
448 449
448 450
449 450
451 452
451 453
451 454
451 455
452 453
452 454
452 455
453 454
453 455
454 455
456 457
456 458
456 459
456 460
457 458
457 459
457 460
458 459
458 460
459 460
461 462
461 463
461 464
461 465
462 463
462 464
462 465
462 494
463 464
463 465
464 465
466 467
466 468
466 469
466 470
467 468
467 469
467 470
468 469
468 470
469 470
471 472
471 473
471 474
471 475
472 473
472 474
472 475
472 500
473 474
473 475
474 475
476 477
476 478
476 479
476 480
477 478
477 479
477 480
478 479
478 480
478 485
479 480
481 482
481 483
481 484
481 485
482 483
482 484
482 485
483 484
483 485
484 485
484 499
486 487
486 488
486 489
486 490
487 488
487 489
487 490
488 489
488 490
489 490
491 492
491 493
491 494
491 495
492 493
492 494
492 495
493 494
493 495
494 495
496 497
496 498
496 499
496 500
497 498
497 499
497 500
498 499
498 500
499 500
