1 2 3
1 2 4
1 2 5
3 4 178
1 3 5
1 4 5
2 3 4
2 3 5
2 4 5
3 4 360
6 7 150
6 9 126
6 7 10
6 8 9
6 10 377
6 9 10
7 8 9
7 8 10
9 10 115
8 9 10
13 210 246
11 12 14
11 12 15
11 13 14
11 13 15
11 14 15
12 13 14
12 13 15
12 14 71
14 15 75
16 17 18
16 17 19
16 17 20
18 19 313
16 18 20
16 19 20
17 18 163
17 18 20
17 19 20
18 19 20
21 22 23
21 22 24
21 22 25
23 24 119
21 23 25
21 24 25
22 24 272
22 23 25
22 24 25
23 24 25
26 27 28
26 27 29
26 27 30
26 28 29
26 28 373
26 30 441
28 29 491
27 28 30
27 29 30
28 29 30
31 32 33
31 32 34
31 32 35
31 33 34
31 33 35
31 34 35
32 33 34
33 35 92
32 34 35
33 34 35
36 37 38
36 37 39
36 37 40
36 38 39
36 40 415
36 39 40
37 38 39
37 38 40
37 39 40
38 39 40
41 42 43
41 42 44
41 42 45
41 43 44
41 43 45
41 44 45
42 43 459
42 43 45
42 44 45
43 44 45
46 47 48
46 47 49
46 47 309
46 48 49
46 48 50
46 49 50
47 48 49
47 48 50
47 49 50
48 49 50
51 52 53
51 52 54
51 52 55
51 53 54
51 53 55
51 55 58
52 53 54
52 53 55
52 54 55
53 54 55
56 57 58
56 57 59
56 57 60
56 58 59
56 58 60
56 59 60
54 57 59
57 58 60
57 59 60
58 59 60
61 62 63
62 64 315
61 62 295
63 64 420
61 63 65
61 64 65
62 63 64
62 65 164
62 64 65
63 64 65
66 67 68
66 67 69
66 67 70
66 68 69
66 68 70
66 69 70
67 68 69
67 68 70
67 69 70
68 69 70
71 72 73
71 72 74
71 72 75
71 73 74
71 73 75
74 75 250
72 73 74
72 73 75
13 72 74
73 74 75
76 77 78
76 77 79
76 77 80
76 78 79
76 78 98
79 80 458
61 78 79
77 78 80
77 79 80
78 79 80
81 82 83
81 82 84
81 82 85
81 83 84
81 83 85
81 84 85
82 83 84
82 83 85
82 85 251
83 84 85
86 87 88
87 89 212
86 87 90
86 88 89
86 88 90
86 89 90
87 88 89
87 88 90
87 89 90
88 89 90
91 92 93
91 92 94
91 92 95
91 93 94
91 93 95
91 94 95
32 93 94
92 93 95
92 94 95
93 94 95
80 96 97
96 97 99
97 100 343
96 98 99
98 100 209
96 99 100
98 99 224
97 98 100
97 99 100
98 99 100
101 102 103
101 102 104
101 102 105
101 103 104
101 103 105
101 105 435
102 103 104
102 103 105
102 104 105
103 104 105
106 107 108
106 107 109
106 107 110
106 108 109
106 108 110
106 109 110
107 108 109
107 108 110
107 109 110
108 109 110
111 112 113
111 112 114
111 112 157
111 113 114
111 113 115
111 114 115
112 113 114
7 112 113
112 114 115
113 115 398
116 117 118
116 117 119
116 117 120
116 118 119
116 118 120
21 221 473
117 118 364
117 118 120
117 119 120
118 119 120
121 122 123
121 122 124
121 122 125
121 123 124
121 123 125
121 124 125
122 123 124
122 123 125
124 125 496
123 124 125
126 127 128
126 127 129
126 127 130
7 128 129
126 128 130
126 129 130
127 128 129
127 128 315
127 129 130
128 129 130
131 132 133
131 132 134
131 132 135
131 133 134
131 133 135
131 134 135
132 133 134
132 133 135
132 134 135
133 134 135
136 137 138
136 137 276
136 137 140
136 138 139
136 138 140
136 139 140
137 138 467
137 138 140
137 139 140
138 139 140
141 142 143
141 142 144
141 142 145
141 143 144
141 145 498
141 145 423
142 143 144
143 145 419
142 144 145
143 144 145
146 147 148
146 147 149
146 147 150
146 148 149
146 148 165
146 149 150
147 148 149
147 148 150
147 149 150
148 150 431
151 152 153
151 152 154
151 152 155
151 153 154
151 153 155
151 154 155
152 153 154
152 153 155
152 154 155
153 154 155
156 157 158
156 157 159
115 156 160
156 158 159
156 158 160
156 159 160
157 158 159
157 158 160
157 159 160
158 159 160
19 161 162
161 162 164
161 162 165
63 161 163
161 163 165
8 161 474
162 163 164
162 163 165
162 164 165
163 164 165
166 167 239
166 167 169
166 167 170
166 168 169
166 170 234
166 169 170
167 169 414
167 168 170
167 169 170
168 169 170
171 172 173
171 172 174
172 175 378
171 173 174
171 173 175
171 174 175
172 173 174
172 175 463
172 174 175
173 174 175
176 178 497
176 177 179
176 177 180
176 178 179
176 178 180
176 180 460
177 178 179
1 177 180
177 179 180
178 179 180
181 182 183
181 182 184
181 182 185
181 183 184
181 183 185
181 184 185
182 183 299
182 183 185
182 184 185
183 184 185
186 187 188
186 187 189
186 187 190
186 188 189
186 188 190
186 189 190
187 188 189
187 188 190
187 189 190
188 189 190
191 192 319
191 192 194
191 192 195
191 193 194
191 193 195
191 194 462
192 193 194
192 193 277
192 195 324
193 194 195
196 197 198
196 197 199
196 197 200
196 198 199
196 198 200
196 199 200
197 198 199
197 198 200
199 200 474
198 199 200
201 202 203
201 202 204
201 202 205
201 203 204
201 203 205
201 204 205
203 204 352
202 203 205
202 204 205
203 205 351
206 207 208
206 207 209
206 207 326
206 208 209
206 210 291
206 209 210
96 207 208
207 208 210
207 209 210
208 209 210
211 212 213
211 212 214
211 212 215
211 213 214
211 213 215
211 214 215
212 213 214
86 213 215
212 214 215
213 214 215
216 217 218
216 217 219
216 217 220
216 218 219
216 218 220
216 220 477
217 218 219
217 218 220
217 219 220
218 219 220
221 222 223
221 222 224
221 222 225
221 223 224
221 223 225
116 224 225
222 223 224
222 223 225
222 224 451
97 225 414
226 227 228
226 227 229
226 227 230
226 228 229
226 228 230
226 229 230
227 228 229
227 228 230
227 229 230
228 229 318
231 232 233
231 232 234
231 232 235
231 233 490
231 233 235
168 231 235
232 233 234
232 233 235
232 234 235
233 234 235
236 237 238
236 237 239
236 237 240
236 238 239
236 238 240
236 239 240
237 238 282
237 238 240
237 239 240
238 239 240
241 242 243
241 244 356
241 242 245
241 243 244
241 243 245
241 244 245
242 243 244
242 243 245
242 244 245
243 244 245
246 247 248
246 247 249
11 247 250
246 248 249
246 248 250
246 249 250
247 248 249
247 248 250
247 249 250
15 248 249
251 252 253
84 252 254
251 252 255
251 253 254
253 255 433
251 254 255
252 254 364
252 253 255
252 254 255
253 254 255
256 257 258
256 257 259
256 257 260
256 258 259
256 258 260
256 259 260
257 258 259
258 260 390
257 259 260
258 259 260
261 262 263
261 262 264
261 262 279
261 263 264
261 263 265
261 264 265
262 263 264
262 263 265
262 264 265
263 264 265
266 267 268
266 267 269
266 267 270
266 268 269
266 268 270
266 269 286
267 268 269
267 268 270
267 269 270
268 269 270
271 272 329
271 272 274
23 271 275
271 273 274
271 273 275
271 274 275
272 273 274
257 273 275
272 274 275
273 274 275
27 276 278
265 276 277
276 277 280
276 278 279
276 278 280
139 279 280
195 278 279
277 278 280
277 279 280
278 279 280
281 282 283
281 282 284
168 281 285
281 283 284
281 283 285
281 284 285
282 283 284
282 283 285
282 284 285
283 284 285
286 287 288
270 287 289
286 287 290
286 289 375
286 288 290
286 289 290
287 288 289
287 288 290
287 289 290
288 289 290
291 292 293
291 292 294
291 292 295
291 293 294
291 293 295
65 208 294
292 293 294
292 293 295
292 294 295
293 294 295
296 297 298
184 296 297
296 297 300
296 298 299
296 298 300
296 300 377
297 298 299
297 298 300
297 299 300
298 299 300
301 302 303
301 302 304
301 302 305
301 303 304
301 303 305
301 304 305
302 303 304
302 303 305
302 304 305
303 304 305
306 307 308
306 307 309
306 307 310
306 308 309
306 308 310
50 306 310
307 308 428
307 308 310
307 309 310
308 309 310
311 312 313
311 312 314
77 311 312
16 311 360
311 313 315
311 314 315
312 313 314
130 312 313
312 314 315
313 314 315
316 317 318
316 317 319
316 317 320
316 318 319
316 318 320
316 319 320
230 317 319
317 318 320
317 319 320
193 318 320
321 322 323
321 322 324
321 322 325
321 323 324
321 323 325
321 324 325
194 322 323
322 325 349
322 324 325
323 324 325
326 328 413
326 327 329
326 327 330
326 328 329
12 328 330
326 329 330
327 328 329
327 328 330
329 330 452
273 328 330
331 332 333
331 332 334
331 332 335
331 334 351
331 333 335
331 334 335
332 333 334
332 333 335
332 334 335
333 334 335
336 337 338
336 337 339
336 337 340
336 338 339
336 338 340
336 339 356
337 338 339
337 338 340
337 339 340
338 339 340
96 341 342
341 342 344
341 342 345
341 343 344
341 343 345
341 344 439
343 344 387
342 343 345
342 344 345
343 344 345
346 348 472
346 347 349
346 347 350
323 346 348
346 348 350
346 349 350
345 347 348
347 348 350
347 349 350
348 349 350
204 352 353
351 352 354
333 352 355
351 353 354
351 353 355
351 354 355
202 353 354
352 353 355
352 354 355
353 354 355
356 357 358
242 357 359
357 360 487
356 358 359
5 356 358
356 359 360
357 358 359
357 358 360
314 357 359
358 359 360
361 362 363
361 362 364
361 362 441
361 363 364
361 363 365
119 361 365
253 362 363
362 365 401
362 364 365
363 364 365
366 367 368
366 367 369
366 367 370
366 368 369
366 368 370
366 369 370
367 368 369
367 368 379
367 369 370
368 369 370
371 372 373
371 372 374
371 372 375
30 371 374
288 371 373
371 374 375
372 373 374
372 373 375
372 374 375
373 374 375
171 299 376
376 377 379
225 376 377
370 376 378
376 378 380
376 379 380
377 378 379
377 378 380
8 379 380
378 379 380
381 382 383
381 382 384
381 382 385
381 383 384
381 383 385
384 385 416
382 383 384
382 383 385
382 384 385
383 384 385
386 387 388
342 386 389
386 387 390
386 388 389
386 388 390
386 389 390
387 388 389
272 387 388
387 389 390
388 389 390
391 392 393
391 392 394
391 392 395
391 393 394
391 393 395
391 394 395
392 393 394
392 393 395
392 394 395
393 394 395
396 397 398
396 397 399
396 397 400
114 396 399
396 398 400
396 399 400
397 398 399
397 398 400
397 399 400
398 399 400
401 402 403
401 402 404
363 402 405
401 403 404
403 405 492
401 404 405
402 403 404
402 403 405
402 404 405
403 404 405
406 407 408
406 407 409
406 407 410
406 408 409
408 423 440
406 409 410
407 408 409
407 408 410
407 409 410
408 409 410
327 411 412
411 412 414
411 412 415
411 413 414
411 413 415
38 411 414
168 412 413
412 413 415
412 414 415
223 413 415
416 417 418
416 417 419
416 420 479
416 418 419
416 418 420
61 142 381
417 418 419
417 418 420
417 419 420
418 419 420
421 422 423
421 422 424
421 422 425
421 423 424
421 423 425
421 424 425
422 423 424
144 422 448
422 424 425
406 424 425
426 427 428
426 427 429
426 427 430
426 428 429
426 428 430
426 429 430
309 427 429
427 428 430
427 429 430
428 429 430
431 432 433
149 432 434
431 432 435
431 433 434
431 433 435
104 431 434
432 433 434
432 433 435
432 434 435
251 434 435
436 437 438
436 437 439
436 437 440
349 436 438
436 438 440
436 439 440
437 438 439
437 438 440
437 439 440
410 438 439
441 442 443
29 442 444
365 442 445
441 443 444
441 443 445
441 444 445
442 443 444
442 443 445
442 444 445
443 444 445
446 447 448
446 447 449
446 447 450
425 446 449
446 448 450
446 449 450
447 448 449
447 448 450
447 449 450
448 449 450
380 452 453
451 452 454
451 452 455
451 453 454
451 453 455
451 454 455
452 453 454
452 453 455
327 454 455
453 454 455
456 457 458
456 457 459
456 457 460
456 458 459
76 456 460
456 459 460
44 457 458
457 458 460
179 457 459
459 460 466
173 461 462
461 462 464
195 461 465
461 463 464
461 463 465
461 464 465
462 463 464
462 463 465
462 464 465
463 464 465
466 467 468
466 467 469
466 467 470
466 468 469
466 468 470
458 469 470
139 468 469
467 468 470
467 469 470
468 469 470
347 471 473
471 472 474
471 472 475
120 471 474
471 473 475
164 471 475
473 474 488
472 473 475
197 472 475
473 474 475
476 477 478
219 476 479
476 477 480
476 478 479
476 478 480
476 479 480
477 478 479
477 478 480
417 477 480
478 479 480
481 482 483
481 482 484
481 482 485
481 483 484
481 483 485
481 484 485
482 483 484
482 483 485
482 484 485
483 484 485
486 487 488
340 486 489
486 487 490
486 488 489
234 472 486
486 489 490
487 488 489
487 488 490
487 489 490
488 489 490
491 492 493
491 492 494
491 492 495
491 493 494
491 493 495
277 494 495
492 493 494
401 493 495
492 494 495
493 494 495
496 497 498
496 497 499
496 497 500
496 498 499
122 498 500
496 499 500
497 498 499
143 497 500
177 499 500
498 499 500
