-0.84106193
-0.53943617
-0.09747540
0.79245804
0.41771705
-0.12042578
-0.18445639
-0.37202652
-0.24302170
-0.28375253
-0.15540232
-0.28811753
-0.26714813
-0.20893151
-0.14671429
0.80919236
0.66580909
0.75580659
0.75572085
0.77556265
-0.00357094
-0.06877019
-0.01066143
-0.15006219
0.02443586
-0.45896233
-0.47215057
-0.53213297
-0.46216043
-0.45955101
0.49763502
-0.50137361
0.45353374
0.57218367
0.50050267
0.62897674
0.56939292
0.69303240
0.54979283
0.57391769
-0.02683716
-0.04665199
0.06717786
0.06983764
0.11385204
0.46476064
0.50381322
0.42534291
0.52916911
0.42482235
0.57030198
0.55962316
0.58453099
0.57842091
0.65883896
0.66435928
0.48078014
0.49423731
0.51767170
0.51880770
-0.63022544
0.64527184
0.10946872
-0.60981605
-0.65832845
-0.29202085
0.15742565
-0.82086739
-0.72834417
0.53275755
-0.14261007
-0.07749895
-0.21390687
-0.23176067
-0.14864520
0.87841799
-0.96271407
0.94578385
-0.89946692
-0.69005448
-0.33987563
-0.45035043
-0.50820845
-0.53415448
-0.45399598
0.70910100
0.75511327
0.67456249
0.66912449
0.68097445
-0.32313985
-0.32181130
-0.31936654
-0.18831852
-0.29518912
-0.65963960
-0.55906718
-0.63336110
-0.63926958
-0.65197661
0.52161348
0.36679153
0.40940243
0.47595025
0.49951538
0.67744621
0.72531630
0.79235376
0.68854985
0.81793614
0.25320250
0.28528271
0.36153361
0.36688462
0.37016562
-0.10034505
-0.11936070
-0.16351127
-0.14357203
-0.10208345
-0.52480436
-0.60052927
-0.56306322
-0.67246907
-0.50541993
0.13104543
0.18924998
0.07964137
0.12165998
0.06181368
-0.19660506
-0.15722901
-0.18018923
-0.26747530
-0.18209229
0.73846230
0.84031341
0.85022454
0.78137826
0.90337135
-0.59783734
-0.47838034
-0.57005257
-0.52226722
-0.53256699
-0.09346842
-0.21830391
-0.35963989
-0.25883941
-0.23916087
0.67216142
-0.10074218
-0.02688055
0.14247008
-0.62504216
0.61077266
0.43940068
0.59308543
0.53569197
0.53479870
0.88312600
0.56053079
0.53970810
0.60174744
0.64035913
-0.56298590
-0.55886765
-0.53511434
-0.63595196
-0.53709323
0.81500902
0.78884239
0.71139466
0.80145419
0.80804140
-0.17773194
0.00616494
-0.36651873
-0.10108536
-0.13274000
0.97855051
-0.95981062
-0.92652052
-0.98022807
-0.89530041
0.24441070
0.28523325
0.36269277
0.27986433
0.27415934
0.07817728
0.05519813
0.14023826
0.13630044
0.00492211
0.40639809
0.89886926
-0.18349284
0.45589312
-0.77410127
0.27095516
0.13309918
0.31959599
0.16344367
0.14535385
0.93571241
0.82685644
0.86358856
0.77083638
0.84874912
0.45104719
0.53029649
0.49762242
0.41108967
0.57109774
-0.27681947
-0.29588336
-0.29802931
-0.38543175
-0.38914271
0.03232522
-0.00549634
0.11066523
0.06769328
0.02136540
0.87903502
0.79522378
0.74581930
0.81287856
0.78178320
-0.79802944
-0.65702157
-0.71408389
-0.65230277
-0.78974558
-0.53304658
-0.52126329
-0.63507609
-0.53673254
-0.57287864
-0.36791826
-0.24032491
-0.31630121
-0.30669585
-0.15951173
-0.22573989
-0.25675767
-0.18926801
-0.36489508
-0.22538209
0.74663444
0.65935907
0.76440309
-0.68870716
0.83707480
0.39749861
-0.01879689
-0.73597647
-0.42278301
0.88521869
-0.42209770
-0.32065629
-0.24137656
-0.32790426
-0.31878190
-0.07385423
-0.10748319
0.02519092
-0.01077874
-0.11709726
-0.13006946
-0.12270373
-0.06273642
-0.04202764
0.00905299
0.59571620
-0.09939328
0.67177721
-0.64301254
0.35519736
0.94367309
0.89419468
-0.94795204
-0.97521126
0.94275259
0.48934621
0.52056491
0.57966968
0.11530027
-0.67671346
0.44389981
0.40951328
0.40125023
0.31049244
0.23931144
-0.15105763
-0.69337502
-0.67803787
-0.74343505
-0.65288424
-0.24932018
-0.16213153
-0.32648992
-0.14401138
-0.15865212
0.49574385
0.50036144
0.38432678
0.35998070
0.49500559
0.15329769
0.14162393
0.06920626
0.04242188
0.03279649
0.73192232
0.77846069
0.55939463
0.76399298
0.73794799
0.32762143
0.35084573
0.29893366
0.23013149
0.22036230
-0.74604825
0.36646955
-0.34294299
-0.21122238
-0.92762081
-0.01011032
-0.03243364
0.15719956
0.02182315
0.10498911
0.51172789
0.57878002
0.60075690
0.53189992
0.52784354
-0.50201675
-0.56355946
-0.43674927
-0.47430150
-0.45560363
-0.02694754
-0.06325026
0.00524945
0.22105866
-0.03479480
-0.03769502
0.02701387
-0.35927770
0.20552830
0.16322616
-0.35333767
-0.42041135
-0.36431488
-0.29471859
-0.52547207
-0.12010234
0.04097487
0.11070426
-0.02317709
0.16150782
0.12102188
0.13585753
0.16698390
0.05307930
0.17681684
0.88653230
-0.55050278
0.46324634
0.51475704
0.39038104
-0.93562009
0.81653145
-0.30965777
-0.90116408
0.49774619
0.75693975
0.78792980
0.80493551
0.70187238
0.64442176
0.23686086
0.29316142
0.24433121
0.21626897
0.31550696
-0.40769140
-0.42854978
-0.55378085
-0.38283663
-0.52921319
0.77635614
0.85926746
0.78023006
0.73367081
0.84986319
0.80682558
-0.63252009
-0.72127719
0.08572054
-0.43491099
-0.83428352
-0.69421721
-0.77740326
-0.78234816
-0.74272027
-0.71681574
-0.66131912
-0.51752285
-0.69672085
-0.61660019
0.36830670
0.44731030
0.46116337
0.47977246
0.33141811
0.58634653
0.66748662
0.80071176
0.65549797
0.65758886
0.34264061
0.17280241
0.33622457
0.19884811
0.29294672
-0.41726542
-0.34764221
-0.33623342
-0.46023833
-0.11283471
-0.56136052
-0.59141840
-0.44685477
-0.57904756
-0.32422514
0.22622976
0.26120268
0.33000101
0.20631975
0.34870043
-0.47122579
-0.43015614
-0.39985312
-0.50191086
-0.47009924
-0.88890601
-0.85481807
-0.78008589
-0.64837942
-0.87049178
-0.25656969
-0.17439565
-0.22543791
-0.25300533
-0.06306650
-0.08115277
-0.33791910
-0.26381422
-0.13654604
-0.16386849
0.51096368
0.58579636
0.37629502
0.45848434
0.29669678
0.44784379
0.31190848
0.87122574
-0.00833248
0.58593435
-0.10468763
-0.17511826
-0.20827015
-0.08128245
-0.21456602
-0.44429808
-0.37153383
-0.26684373
-0.37219268
-0.33644742
-0.28060265
-0.43375137
-0.33923251
-0.43775564
-0.31945639
-0.88463051
0.95518290
0.99739228
-0.84922195
0.99788887
-0.50174320
-0.55885242
-0.54019267
-0.49252259
-0.60279764
